ts,satellite_count,average_snr,average_snr_change,snr_zero_count,snr_zero_change,inside_outside,average_speed,average_satellites
122000,20,41,0,0,0,0,10,18
122003,20,41,0,0,0,0,10,18
122006,20,41,0,0,0,0,9,18
122009,21,41,0,0,0,0,10,18
122012,21,41,0,0,0,0,10,17
122015,21,40,-1,0,0,0,10,17
122018,21,40,0,0,0,0,9,17
122021,21,37,-3,0,0,0,8,16
122024,21,34,-3,0,0,0,8,14
122027,21,33,-1,0,0,0,8,15
122030,21,26,-7,0,0,0,8,12
122033,21,29,3,0,0,0,7,15
122036,21,34,5,0,0,0,6,16
122039,21,36,2,0,0,0,7,16
122042,21,38,2,0,0,0,10,16
122045,21,38,0,0,0,0,12,17
122048,20,39,1,0,0,0,12,17
122051,20,39,0,0,0,0,8,16
122054,20,38,-1,0,0,0,4,16
122057,20,37,-1,0,0,1,3,16
122100,20,30,-7,0,0,1,3,16
122103,20,24,-6,0,0,1,2,12
122106,20,21,-3,0,0,1,0,7
122109,20,18,-3,1,1,1,0,5
122112,20,15,-3,2,1,1,0,4
122115,20,13,-2,3,1,1,0,4
122118,20,10,-3,6,3,1,0,3
122121,20,8,-2,9,3,1,0,3
122124,20,8,0,9,0,1,1,4
122127,20,5,-3,13,4,1,1,0
122130,20,5,0,13,0,1,2,0
122133,20,3,-2,15,2,1,2,0
122136,19,3,0,15,0,1,1,0
122139,19,3,0,15,0,1,1,0
122142,19,2,-1,16,1,1,0,0
122145,19,1,-1,17,1,1,1,0
122148,19,1,0,17,0,1,2,0
122151,19,1,0,17,0,1,2,0
122154,19,1,0,17,0,1,3,0
122157,19,1,0,17,0,1,4,0
122200,19,2,1,17,0,1,5,0
122203,19,1,-1,17,0,1,5,0
122206,19,2,1,17,0,1,5,0
122209,19,2,0,17,0,1,6,0
122212,19,2,0,17,0,1,7,0
122215,19,2,0,17,0,1,7,0
122218,19,2,0,17,0,1,7,0
122221,19,2,0,17,0,1,6,0
122224,19,3,1,17,0,0,5,0
122227,19,4,1,17,0,0,4,0
122230,19,20,16,7,-10,0,5,3
122233,19,25,5,1,-6,0,1,12
122236,19,26,1,1,0,0,1,11
122239,19,28,2,1,0,0,3,14
122242,19,28,0,0,-1,0,4,15
122245,19,33,5,0,0,0,4,14
122248,19,37,4,0,0,0,5,15
122251,19,36,-1,0,0,0,9,15
122254,20,35,-1,0,0,0,9,15
122257,20,32,-3,0,0,0,9,16
122300,21,34,2,0,0,0,8,15
122303,21,32,-2,0,0,0,8,15
122306,21,28,-4,0,0,0,8,14
122309,21,32,4,0,0,0,8,15
122312,21,37,5,0,0,0,8,15
122315,21,36,-1,0,0,0,8,15
122318,21,31,-5,0,0,0,8,15
122321,21,27,-4,1,1,0,7,16
122324,21,30,3,1,0,0,6,16
122327,21,33,3,0,-1,0,5,14
122330,21,35,2,0,0,0,6,14
122333,21,34,-1,0,0,0,8,15
122336,21,33,-1,0,0,0,9,15
122339,21,33,0,1,1,0,10,14
122342,21,30,-3,0,-1,0,9,14
122345,21,28,-2,0,0,0,5,14
122348,21,33,5,0,0,0,5,15
122351,21,30,-3,0,0,0,7,15
122354,21,26,-4,0,0,0,6,13
122357,21,26,0,0,0,0,6,14
122400,21,29,3,0,0,0,7,16
122403,21,33,4,0,0,1,5,16
122406,21,28,-5,0,0,1,2,16
122409,21,24,-4,0,0,1,2,15
122412,21,22,-2,0,0,1,4,11
122415,21,18,-4,0,0,1,4,6
122418,21,15,-3,0,0,1,3,5
122421,20,14,-1,1,1,1,3,3
122424,20,8,-6,6,5,1,3,1
122427,20,4,-4,12,6,1,3,0
122430,20,3,-1,14,2,1,3,0
122433,20,2,-1,16,2,1,2,0
122436,20,2,0,17,1,1,2,0
122439,20,2,0,16,-1,1,2,0
122442,20,3,1,15,-1,1,2,0
122445,20,3,0,16,1,1,2,0
122448,20,4,1,14,-2,1,2,0
122451,20,3,-1,14,0,1,3,0
122454,20,4,1,14,0,1,4,0
122457,20,4,0,13,-1,1,5,0
122500,20,3,-1,14,1,1,4,0
122503,20,1,-2,17,3,1,4,0
122506,20,1,0,18,1,1,5,0
122509,20,1,0,18,0,1,5,0
122512,20,1,0,18,0,1,5,0
122515,20,1,0,18,0,1,5,0
122518,20,1,0,18,0,1,4,0
122521,20,2,1,16,-2,1,4,0
122524,20,2,0,16,0,1,5,0
122527,20,2,0,17,1,1,5,0
122530,20,2,0,17,0,1,5,0
122533,20,2,0,16,-1,1,4,0
122536,20,3,1,15,-1,1,5,0
122539,20,3,0,15,0,1,5,0
122542,20,4,1,14,-1,1,5,0
122545,20,5,1,12,-2,1,3,0
122548,20,8,3,11,-1,1,3,0
122551,20,12,4,9,-2,1,2,5
122554,20,20,8,6,-3,0,3,7
122557,20,32,12,1,-5,0,4,9
122600,21,36,4,0,-1,0,3,15
122603,20,37,1,0,0,0,2,16
122606,20,38,1,0,0,0,0,17
122609,20,36,-2,0,0,0,0,16
122612,20,38,2,0,0,0,1,17
122615,20,40,2,0,0,0,6,17
122618,20,40,0,0,0,0,9,17
122621,20,38,-2,0,0,0,11,16
122624,20,40,2,0,0,0,14,17
122627,20,42,2,0,0,0,15,18
122630,20,41,-1,0,0,0,13,17
122633,20,41,0,0,0,0,12,17
122636,20,40,-1,0,0,0,11,16
122639,20,40,0,0,0,0,11,16
122642,20,40,0,0,0,0,11,16
122645,20,39,-1,0,0,0,10,17
122648,20,38,-1,0,0,0,9,17
122651,20,30,-8,0,0,0,7,15
122654,20,28,-2,0,0,0,6,15
122657,20,29,1,0,0,0,6,15
122700,20,34,5,0,0,1,4,16
122703,20,30,-4,0,0,1,3,17
122706,20,23,-7,0,0,1,4,12
122709,20,20,-3,0,0,1,4,8
122712,20,17,-3,1,1,1,4,5
122715,20,12,-5,4,3,1,3,2
122718,20,9,-3,5,1,1,3,0
122721,20,5,-4,11,6,1,4,0
122724,20,3,-2,13,2,1,3,0
122727,20,2,-1,15,2,1,3,0
122730,20,1,-1,18,3,1,3,0
122733,20,1,0,17,-1,1,3,0
122736,20,1,0,17,0,1,3,0
122739,20,1,0,18,1,1,3,0
122742,19,1,0,18,0,1,4,0
122745,19,1,0,17,-1,1,4,0
122748,19,1,0,17,0,1,4,0
122751,19,1,0,16,-1,1,5,0
122754,19,1,0,17,1,1,5,0
122757,19,1,0,17,0,1,5,0
122800,19,0,-1,18,1,1,5,0
122803,19,3,3,15,-3,1,5,0
122806,19,3,0,15,0,1,5,0
122809,19,2,-1,15,0,1,4,0
122812,19,2,0,15,0,1,4,0
122815,19,0,-2,18,3,1,4,0
122818,19,2,2,16,-2,1,4,0
122821,19,0,-2,18,2,1,4,0
122824,19,1,1,18,0,1,4,0
122827,19,1,0,18,0,1,5,0
122830,19,0,-1,19,1,1,5,0
122833,19,1,1,18,-1,1,5,0
122836,19,6,5,14,-4,1,4,0
122839,19,15,9,8,-6,1,4,5
122842,19,24,9,4,-4,0,3,9
122845,19,34,10,0,-4,0,3,14
122848,20,37,3,0,0,0,3,15
122851,20,38,1,0,0,0,4,15
122854,20,40,2,0,0,0,1,17
122857,20,39,-1,0,0,0,0,16
122900,20,40,1,0,0,0,3,16
122903,20,40,0,0,0,0,8,16
122906,20,40,0,0,0,0,11,16
122909,20,40,0,0,0,0,13,16
122912,20,40,0,0,0,0,14,17
122915,20,40,0,0,0,0,14,17
122918,20,39,-1,1,1,0,13,17
122921,20,38,-1,1,0,0,12,17
122924,20,40,2,0,-1,0,12,16
122927,20,40,0,0,0,0,11,18
122930,20,38,-2,0,0,0,10,17
122933,20,39,1,0,0,0,9,17
122936,20,37,-2,0,0,0,8,16
122939,20,29,-8,0,0,0,6,14
122942,20,28,-1,0,0,0,6,14
122945,20,32,4,0,0,0,5,15
122948,20,34,2,0,0,0,2,17
122951,20,26,-8,0,0,1,2,16
122954,20,21,-5,0,0,1,5,9
122957,20,20,-1,0,0,1,4,6
123000,20,11,-9,4,4,1,4,1
123003,20,8,-3,5,1,1,3,0
123006,20,6,-2,7,2,1,3,0
123009,20,3,-3,13,6,1,3,0
123012,20,2,-1,15,2,1,4,0
123015,20,1,-1,16,1,1,3,0
123018,20,1,0,18,2,1,3,0
123021,20,2,1,17,-1,1,4,0
123024,20,3,1,15,-2,1,4,0
123027,20,2,-1,16,1,1,4,0
123030,20,2,0,16,0,1,5,0
123033,20,1,-1,16,0,1,5,0
123036,20,1,0,18,2,1,5,0
123039,19,0,-1,18,0,1,3,0
123042,19,1,1,18,0,1,3,0
123045,19,0,-1,18,0,1,3,0
123048,19,2,2,14,-4,1,3,0
123051,19,1,-1,16,2,1,3,0
123054,19,1,0,16,0,1,3,0
123057,19,2,1,16,0,1,3,0
123100,19,3,1,15,-1,1,4,0
123103,19,1,-2,17,2,1,4,0
123106,19,1,0,17,0,1,6,0
123109,19,1,0,16,-1,1,4,0
123112,19,1,0,17,1,1,4,0
123115,19,2,1,15,-2,1,5,0
123118,19,1,-1,17,2,1,6,0
123121,19,3,2,15,-2,1,5,0
123124,19,2,-1,15,0,1,6,0
123127,19,2,0,15,0,1,6,0
123130,19,6,4,12,-3,1,5,0
123133,19,11,5,10,-2,1,4,1
123136,19,15,4,10,0,1,3,0
123139,19,27,12,3,-7,0,2,9
123142,19,34,7,0,-3,0,2,13
123145,20,37,3,0,0,0,5,16
123148,20,40,3,0,0,0,5,15
123151,20,40,0,0,0,0,7,17
123154,20,40,0,0,0,0,9,16
123157,20,39,-1,0,0,0,11,16
123200,20,40,1,0,0,0,12,17
123203,20,41,1,0,0,0,13,17
123206,20,41,0,0,0,0,14,17
123209,20,40,-1,0,0,0,14,18
123212,20,40,0,0,0,0,14,17
123215,20,40,0,0,0,0,14,17
123218,20,39,-1,0,0,0,12,17
123221,20,38,-1,0,0,0,10,16
123224,20,29,-9,0,0,0,9,15
123227,20,32,3,0,0,0,10,14
123230,20,36,4,0,0,0,10,15
123233,20,35,-1,0,0,0,9,15
123236,21,33,-2,0,0,0,9,14
123239,21,34,1,1,1,0,9,15
123242,21,31,-3,1,0,0,10,14
123245,21,29,-2,0,-1,0,8,14
123248,21,33,4,0,0,0,9,15
123251,21,38,5,0,0,0,10,16
123254,20,35,-3,0,0,0,11,16
123257,20,28,-7,0,0,0,10,15
123300,20,32,4,0,0,0,12,15
123303,20,36,4,0,0,0,11,16
123306,20,36,0,0,0,0,12,15
123309,20,34,-2,0,0,0,12,15
123312,20,32,-2,1,1,0,10,15
123315,20,27,-5,1,0,0,6,14
123318,20,31,4,0,-1,0,4,14
123321,20,34,3,0,0,0,1,15
123324,20,33,-1,0,0,0,5,15
123327,20,27,-6,0,0,0,8,14
123330,20,26,-1,0,0,0,8,14
123333,20,27,1,0,0,0,7,15
123336,20,32,5,0,0,0,6,16
123339,20,31,-1,0,0,1,3,16
123342,20,23,-8,0,0,1,3,11
123345,20,20,-3,0,0,1,2,5
123348,20,16,-4,1,1,1,0,3
123351,20,11,-5,5,4,1,1,2
123354,20,9,-2,5,0,1,1,0
123357,20,5,-4,11,6,1,1,0
123400,20,4,-1,13,2,1,2,0
123403,20,3,-1,14,1,1,2,0
123406,20,3,0,14,0,1,2,0
123409,20,3,0,14,0,1,3,0
123412,20,2,-1,16,2,1,2,0
123415,20,2,0,16,0,1,3,0
123418,19,2,0,15,-1,1,5,0
123421,19,3,1,13,-2,1,6,0
123424,19,3,0,14,1,1,6,0
123427,20,2,-1,16,2,1,6,0
123430,20,2,0,16,0,1,7,0
123433,20,1,-1,17,1,1,6,0
123436,20,2,1,17,0,1,7,0
123439,20,3,1,16,-1,1,7,0
123442,20,4,1,16,0,1,7,1
123445,20,4,0,16,0,1,7,3
123448,20,4,0,17,1,1,7,3
123451,20,4,0,17,0,1,7,3
123454,20,7,3,16,-1,1,7,3
123457,20,21,14,4,-12,0,7,8
123500,20,32,11,1,-3,0,7,12
123503,21,35,3,1,0,0,8,14
123506,21,37,2,1,0,0,3,15
123509,21,38,1,1,0,0,2,16
123512,21,38,0,1,0,0,7,16
123515,21,39,1,1,0,0,10,16
123518,21,38,-1,1,0,0,12,17
123521,21,39,1,1,0,0,12,16
123524,21,39,0,1,0,0,13,17
123527,21,39,0,1,0,0,13,17
123530,21,38,-1,1,0,0,12,17
123533,21,38,0,1,0,0,12,17
123536,21,38,0,1,0,0,12,17
123539,21,37,-1,1,0,0,12,17
123542,21,35,-2,1,0,0,10,16
123545,21,29,-6,1,0,0,8,15
123548,21,33,4,1,0,0,9,15
123551,22,34,1,1,0,0,10,15
123554,22,34,0,1,0,0,9,15
123557,22,33,-1,1,0,0,9,15
123600,22,31,-2,1,0,0,8,14
123603,22,32,1,2,1,0,6,14
123606,22,31,-1,2,0,0,2,15
123609,22,29,-2,3,1,0,0,15
123612,22,29,0,3,0,0,0,14
123615,23,29,0,3,0,0,0,13
123618,23,30,1,2,-1,0,0,14
123621,23,29,-1,2,0,0,0,14
123624,23,29,0,2,0,0,0,14
123627,23,29,0,2,0,0,0,13
123630,23,29,0,2,0,0,0,13
123633,23,29,0,2,0,0,0,14
123636,23,29,0,2,0,0,0,15
123639,23,29,0,2,0,0,0,16
123642,23,31,2,2,0,0,0,16
123645,23,29,-2,2,0,0,0,15
123648,23,27,-2,2,0,0,2,15
123651,23,25,-2,2,0,0,5,14
123654,23,24,-1,1,-1,0,3,15
123657,23,28,4,1,0,0,1,16
123700,23,30,2,1,0,0,4,16
123703,23,33,3,1,0,0,7,17
123706,22,34,1,1,0,0,8,16
123709,22,33,-1,1,0,0,9,14
123712,22,32,-1,2,1,0,9,15
123715,22,26,-6,2,0,0,8,14
123718,22,26,0,1,-1,0,4,14
123721,22,29,3,1,0,0,1,17
123724,21,33,4,1,0,0,3,15
123727,21,34,1,1,0,0,7,17
123730,21,35,1,1,0,0,11,16
123733,21,34,-1,2,1,0,12,16
123736,21,36,2,1,-1,0,13,16
123739,21,35,-1,1,0,0,13,16
123742,21,36,1,1,0,0,13,16
123745,21,36,0,1,0,0,12,14
123748,21,35,-1,1,0,0,10,16
123751,21,36,1,2,1,0,8,16
123754,21,35,-1,1,-1,0,5,16
123757,21,34,-1,1,0,0,1,16
123800,21,32,-2,1,0,0,0,15
123803,21,31,-1,1,0,0,0,15
123806,21,31,0,1,0,0,0,14
123809,21,31,0,1,0,0,0,15
123812,21,31,0,1,0,0,0,14
123815,21,31,0,2,1,0,0,15
123818,21,33,2,1,-1,0,1,15
123821,21,35,2,2,1,0,4,15
123824,21,37,2,1,-1,0,7,15
123827,21,37,0,1,0,0,9,15
123830,21,36,-1,1,0,0,8,16
123833,21,36,0,1,0,0,6,15
123836,21,30,-6,1,0,1,3,14
123839,21,28,-2,1,0,1,2,13
123842,21,23,-5,1,0,1,2,10
123845,21,19,-4,2,1,1,2,6
123848,21,16,-3,2,0,1,1,5
123851,21,14,-2,3,1,1,0,4
123854,21,13,-1,4,1,1,3,5
123857,21,11,-2,8,4,1,4,5
123900,21,10,-1,11,3,1,3,6
123903,21,10,0,10,-1,1,3,3
123906,21,6,-4,12,2,1,3,2
123909,21,5,-1,13,1,1,3,0
123912,21,4,-1,12,-1,1,3,0
123915,21,4,0,14,2,1,3,0
123918,21,3,-1,15,1,1,3,0
123921,21,2,-1,15,0,1,3,0
123924,20,1,-1,17,2,1,3,0
123927,20,2,1,16,-1,1,3,0
123930,20,2,0,16,0,1,4,0
123933,20,2,0,16,0,1,5,0
123936,20,5,3,12,-4,1,4,0
123939,20,5,0,13,1,1,3,0
123942,20,6,1,14,1,1,3,0
123945,20,18,12,6,-8,0,3,2
123948,20,25,7,2,-4,0,1,8
123951,20,23,-2,6,4,0,0,11
123954,20,30,7,2,-4,0,0,12
123957,20,31,1,2,0,0,3,15
124000,20,34,3,1,-1,0,8,14
124003,20,34,0,1,0,0,10,15
124006,21,33,-1,3,2,0,12,14
124009,21,35,2,2,-1,0,12,15
124012,21,34,-1,3,1,0,12,14
124015,21,35,1,2,-1,0,11,15
124018,21,36,1,2,0,0,10,15
124021,21,37,1,1,-1,0,10,16
124024,21,37,0,1,0,0,8,15
124027,21,36,-1,1,0,0,6,16
124030,21,31,-5,1,0,0,3,15
124033,21,26,-5,1,0,1,0,13
124036,21,24,-2,1,0,1,2,13
124039,21,22,-2,1,0,1,3,9
124042,21,19,-3,2,1,1,2,7
124045,21,16,-3,3,1,1,4,6
124048,21,13,-3,6,3,1,3,8
124051,21,13,0,6,0,1,3,5
124054,21,8,-5,10,4,1,3,1
124057,21,5,-3,13,3,1,3,0
124100,21,6,1,10,-3,1,3,0
124103,21,4,-2,12,2,1,2,0
124106,21,4,0,14,2,1,2,0
124109,21,4,0,14,0,1,1,0
124112,21,3,-1,16,2,1,2,0
124115,21,4,1,16,0,1,3,0
124118,21,9,5,11,-5,1,3,1
124121,21,9,0,10,-1,1,3,4
124124,21,7,-2,10,0,1,3,2
124127,21,7,0,9,-1,1,3,0
124130,21,5,-2,10,1,1,3,0
124133,21,3,-2,13,3,1,3,0
124136,21,2,-1,15,2,1,4,0
124139,21,2,0,18,3,1,4,0
124142,21,2,0,17,-1,1,5,0
124145,21,2,0,17,0,1,5,0
124148,21,2,0,17,0,1,5,0
124151,20,3,1,16,-1,1,5,0
124154,20,3,0,15,-1,1,5,0
124157,20,2,-1,17,2,1,6,0
124200,20,4,2,15,-2,1,4,0
124203,20,6,2,12,-3,1,3,0
124206,20,12,6,9,-3,0,4,2
124209,20,24,12,4,-5,0,3,8
124212,20,28,4,2,-2,0,5,13
124215,20,31,3,3,1,0,8,13
124218,20,33,2,2,-1,0,9,14
124221,21,34,1,2,0,0,9,14
124224,21,34,0,3,1,0,11,14
124227,21,36,2,1,-2,0,12,15
124230,21,36,0,1,0,0,13,16
124233,21,36,0,1,0,0,12,16
124236,21,36,0,2,1,0,11,14
124239,21,36,0,1,-1,0,9,15
124242,21,36,0,1,0,0,7,15
124245,21,29,-7,0,-1,0,3,14
124248,21,26,-3,1,1,1,1,12
124251,21,24,-2,1,0,1,3,11
124254,21,21,-3,1,0,1,3,9
124257,21,19,-2,1,0,1,4,6
124300,21,15,-4,5,4,1,5,5
124303,21,13,-2,6,1,1,5,4
124306,21,13,0,6,0,1,3,3
124309,21,9,-4,7,1,1,3,1
124312,21,6,-3,12,5,1,4,0
124315,21,5,-1,12,0,1,4,0
124318,21,4,-1,13,1,1,5,0
124321,21,2,-2,16,3,1,5,0
124324,21,3,1,16,0,1,5,0
124327,21,3,0,17,1,1,5,0
124330,21,7,4,13,-4,1,5,0
124333,21,7,0,13,0,1,6,0
124336,21,7,0,12,-1,1,6,0
124339,21,6,-1,13,1,1,6,1
124342,21,5,-1,13,0,1,6,0
124345,21,3,-2,14,1,1,6,0
124348,21,2,-1,14,0,1,5,0
124351,21,1,-1,17,3,1,5,0
124354,21,1,0,18,1,1,5,0
124357,20,1,0,19,1,1,5,0
124400,20,0,-1,19,0,1,5,0
124403,20,0,0,19,0,1,5,0
124406,20,1,1,19,0,1,6,0
124409,20,0,-1,19,0,1,7,0
124412,20,1,1,19,0,1,4,0
124415,20,0,-1,20,1,1,2,0
124418,20,0,0,20,0,1,2,0
124421,20,0,0,20,0,1,1,0
124424,20,0,0,20,0,1,2,0
124427,20,0,0,20,0,1,2,0
124430,20,0,0,20,0,1,2,0
124433,20,0,0,20,0,1,1,0
124436,20,0,0,20,0,1,1,0
124439,20,0,0,20,0,1,2,0
124442,20,0,0,20,0,1,3,0
124445,20,0,0,20,0,1,3,0
124448,20,0,0,20,0,1,3,0
124451,20,0,0,20,0,1,3,0
124454,20,0,0,20,0,1,6,0
124457,20,0,0,20,0,1,3,0
124500,20,0,0,20,0,0,1,0
124503,20,0,0,20,0,0,2,0
124506,21,17,17,12,-8,0,2,0
124509,21,28,11,4,-8,0,2,10
124512,21,30,2,2,-2,0,0,11
124515,21,31,1,2,0,0,0,12
124518,21,31,0,2,0,0,0,11
124521,21,30,-1,2,0,0,0,11
124524,21,36,6,1,-1,0,5,14
124527,21,35,-1,1,0,0,8,15
124530,21,36,1,1,0,0,10,15
124533,21,36,0,1,0,0,12,15
124536,21,35,-1,1,0,0,11,15
124539,21,30,-5,1,0,0,11,14
124542,21,28,-2,0,-1,0,11,13
124545,22,33,5,0,0,0,11,14
124548,22,37,4,0,0,0,13,14
124551,22,37,0,0,0,0,13,15
124554,22,36,-1,0,0,0,13,14
124557,22,37,1,0,0,0,13,13
124600,22,36,-1,0,0,0,13,14
124603,22,35,-1,0,0,0,13,13
124606,22,31,-4,1,1,0,13,13
124609,22,35,4,0,-1,0,13,13
124612,22,35,0,1,1,0,13,13
124615,22,35,0,1,0,0,13,13
124618,22,35,0,1,0,0,13,13
124621,22,37,2,0,-1,0,13,14
124624,22,36,-1,0,0,0,11,14
124627,22,36,0,0,0,0,13,14
124630,22,36,0,0,0,0,14,15
124633,22,38,2,0,0,0,14,15
124636,22,37,-1,0,0,0,13,15
124639,22,38,1,0,0,0,13,15
124642,22,37,-1,0,0,0,13,16
124645,22,38,1,0,0,0,13,17
124648,22,38,0,0,0,0,12,16
124651,22,39,1,0,0,0,10,17
124654,22,37,-2,0,0,0,10,16
124657,22,34,-3,0,0,0,10,17
124700,22,36,2,0,0,0,10,15
124703,22,36,0,0,0,0,10,14
124706,22,36,0,0,0,0,12,15
124709,22,34,-2,1,1,0,13,14
124712,22,36,2,0,-1,0,13,15
124715,22,33,-3,0,0,0,11,13
124718,22,35,2,0,0,0,11,13
124721,22,32,-3,1,1,0,11,13
124724,22,33,1,1,0,0,9,13
124727,21,34,1,1,0,0,8,13
124730,21,31,-3,1,0,0,6,14
124733,21,33,2,1,0,0,4,13
124736,21,32,-1,1,0,1,1,13
124739,21,23,-9,1,0,1,1,11
124742,21,20,-3,1,0,1,1,8
124745,21,18,-2,1,0,1,2,6
124748,21,16,-2,1,0,1,4,6
124751,21,14,-2,3,2,1,3,5
124754,21,12,-2,4,1,1,4,5
124757,21,11,-1,6,2,1,4,5
124800,21,9,-2,8,2,1,4,4
124803,21,10,1,7,-1,1,4,5
124806,21,9,-1,9,2,1,4,6
124809,21,10,1,10,1,0,2,6
124812,21,20,10,5,-5,0,3,8
124815,21,29,9,4,-1,0,4,10
124818,21,34,5,1,-3,0,6,13
124821,21,33,-1,1,0,0,6,14
124824,21,32,-1,1,0,0,6,15
124827,21,32,0,1,0,0,5,15
124830,21,32,0,1,0,0,3,14
124833,21,29,-3,1,0,1,2,12
124836,21,21,-8,2,1,1,2,11
124839,21,18,-3,2,0,1,2,8
124842,21,15,-3,3,1,1,3,5
124845,21,14,-1,3,0,1,3,6
124848,21,12,-2,5,2,1,3,4
124851,21,12,0,5,0,1,3,5
124854,21,11,-1,7,2,1,2,4
124857,21,9,-2,8,1,1,2,3
124900,21,8,-1,9,1,1,3,4
124903,21,8,0,11,2,1,2,5
124906,21,11,3,9,-2,0,2,5
124909,21,21,10,4,-5,0,1,8
124912,20,27,6,3,-1,0,0,9
124915,21,30,3,2,-1,0,1,10
124918,21,31,1,2,0,0,0,10
124921,21,31,0,1,-1,0,0,13
124924,21,34,3,1,0,0,2,13
124927,21,34,0,1,0,0,7,15
124930,21,34,0,1,0,0,6,15
124933,21,31,-3,1,0,0,4,15
124936,21,33,2,1,0,1,3,13
124939,21,31,-2,1,0,1,1,13
124942,21,25,-6,1,0,1,1,12
124945,21,21,-4,1,0,1,1,9
124948,21,17,-4,2,1,1,1,7
124951,21,14,-3,5,3,1,3,5
124954,21,14,0,6,1,1,2,6
124957,21,14,0,4,-2,1,2,4
125000,21,13,-1,5,1,1,3,6
125003,21,13,0,4,-1,1,3,5
125006,21,11,-2,5,1,1,3,5
125009,21,10,-1,7,2,1,2,4
125012,21,8,-2,9,2,1,3,3
125015,21,8,0,10,1,1,3,4
125018,21,12,4,8,-2,0,1,4
125021,21,16,4,7,-1,0,2,6
125024,21,26,10,4,-3,0,1,9
125027,21,30,4,2,-2,0,0,11
125030,21,33,3,1,-1,0,6,14
125033,20,34,1,1,0,0,8,13
125036,20,30,-4,2,1,0,7,14
125039,20,34,4,1,-1,0,7,13
125042,21,35,1,1,0,0,7,14
125045,21,34,-1,1,0,0,8,14
125048,21,36,2,1,0,0,8,14
125051,21,36,0,2,1,0,9,16
125054,21,36,0,2,0,0,9,15
125057,21,36,0,2,0,0,9,16
125100,21,38,2,1,-1,0,10,15
125103,22,37,-1,1,0,0,11,15
125106,22,37,0,1,0,0,11,15
125109,22,36,-1,1,0,0,10,16
125112,22,36,0,1,0,0,9,16
125115,22,36,0,1,0,0,9,16
125118,22,35,-1,1,0,0,7,15
125121,22,35,0,1,0,0,4,16
125124,22,34,-1,1,0,0,2,16
125127,22,31,-3,1,0,1,1,14
125130,22,26,-5,1,0,1,2,12
125133,22,22,-4,1,0,1,2,12
125136,22,20,-2,1,0,1,3,10
125139,22,17,-3,3,2,1,3,9
125142,22,17,0,3,0,1,3,9
125145,22,15,-2,6,3,1,3,10
125148,22,15,0,6,0,1,4,9
125151,22,13,-2,7,1,1,4,8
125154,22,13,0,7,0,1,3,8
125157,22,14,1,6,-1,1,1,8
125200,22,16,2,6,0,1,1,10
125203,22,17,1,5,-1,1,2,10
125206,22,17,0,4,-1,1,2,9
125209,22,17,0,4,0,1,3,11
125212,22,17,0,4,0,1,4,11
125215,22,17,0,4,0,1,4,10
125218,22,17,0,5,1,1,4,11
125221,22,18,1,6,1,1,3,10
125224,22,18,0,5,-1,1,1,11
125227,22,20,2,5,0,0,1,12
125230,22,27,7,3,-2,0,2,13
125233,22,33,6,2,-1,0,3,14
125236,22,34,1,2,0,0,1,16
125239,22,34,0,2,0,0,3,16
125242,21,37,3,1,-1,0,6,17
125245,22,38,1,1,0,0,8,17
125248,22,37,-1,1,0,0,9,17
125251,22,36,-1,2,1,0,9,15
125254,22,36,0,1,-1,0,9,15
125257,22,35,-1,1,0,0,9,17
125300,22,35,0,2,1,0,8,16
125303,22,35,0,2,0,0,7,15
125306,22,35,0,2,0,0,5,16
125309,22,34,-1,2,0,0,2,15
125312,22,30,-4,2,0,1,3,14
125315,22,24,-6,2,0,1,2,12
125318,22,21,-3,2,0,1,3,12
125321,22,19,-2,2,0,1,4,11
125324,22,18,-1,3,1,1,3,9
125327,22,17,-1,3,0,1,3,10
125330,22,16,-1,4,1,1,4,9
125333,22,14,-2,5,1,1,5,10
125336,22,13,-1,6,1,1,6,9
125339,22,14,1,6,0,1,6,9
125342,22,15,1,6,0,1,5,10
125345,22,15,0,7,1,1,5,12
125348,22,16,1,6,-1,1,3,10
125351,22,16,0,6,0,1,4,9
125354,22,15,-1,6,0,1,4,10
125357,22,17,2,4,-2,1,4,10
125400,22,16,-1,4,0,1,5,10
125403,22,17,1,3,-1,1,5,11
125406,22,18,1,4,1,1,5,10
125409,22,18,0,3,-1,1,5,11
125412,22,18,0,4,1,1,3,10
125415,22,19,1,6,2,0,2,11
125418,22,28,9,3,-3,0,3,12
125421,22,34,6,1,-2,0,4,14
125424,22,35,1,1,0,0,4,16
125427,22,36,1,1,0,0,5,16
125430,22,36,0,1,0,0,7,16
125433,22,35,-1,1,0,0,9,17
125436,22,36,1,1,0,0,10,16
125439,22,35,-1,1,0,0,11,16
125442,21,36,1,0,-1,0,10,16
125445,21,35,-1,1,1,0,9,14
125448,21,35,0,1,0,0,6,15
125451,21,34,-1,1,0,1,3,14
125454,21,27,-7,1,0,1,2,13
125457,21,23,-4,2,1,1,2,12
125500,21,22,-1,2,0,1,4,12
125503,21,20,-2,2,0,1,4,11
125506,21,18,-2,2,0,1,4,9
125509,21,16,-2,4,2,1,5,8
125512,20,16,0,4,0,1,5,8
125515,20,15,-1,4,0,1,5,6
125518,20,16,1,3,-1,1,6,9
125521,20,17,1,3,0,1,6,10
125524,20,18,1,3,0,1,5,10
125527,20,18,0,2,-1,1,4,9
125530,20,18,0,2,0,1,5,8
125533,20,18,0,3,1,1,4,9
125536,20,18,0,2,-1,1,5,9
125539,20,18,0,3,1,1,5,10
125542,20,19,1,3,0,1,5,12
125545,20,20,1,3,0,1,4,9
125548,20,20,0,4,1,1,4,9
125551,20,21,1,2,-2,1,4,10
125554,20,26,5,1,-1,0,3,12
125557,20,35,9,1,0,0,5,13
125600,20,39,4,0,-1,0,6,15
125603,20,38,-1,0,0,0,7,15
125606,19,40,2,0,0,0,8,16
125609,20,38,-2,0,0,0,9,16
125612,20,36,-2,0,0,0,9,15
125615,20,36,0,0,0,0,9,14
125618,20,36,0,0,0,0,9,14
125621,20,35,-1,0,0,0,10,13
125624,20,36,1,0,0,0,11,14
125627,20,33,-3,2,2,0,10,14
125630,20,32,-1,1,-1,0,8,15
125633,20,24,-8,2,1,0,9,12
125636,20,32,8,0,-2,0,6,12
125639,20,36,4,0,0,0,8,14
125642,20,36,0,0,0,0,9,14
125645,20,36,0,0,0,0,10,14
125648,20,35,-1,0,0,0,11,15
125651,20,36,1,0,0,0,11,14
125654,20,35,-1,0,0,0,12,15
125657,19,36,1,0,0,0,13,14
125700,19,36,0,0,0,0,13,14
125703,19,33,-3,1,1,0,13,14
125706,19,32,-1,2,1,0,13,13
125709,19,34,2,1,-1,0,13,13
125712,19,31,-3,1,0,0,12,13
125715,19,32,1,2,1,0,12,13
125718,19,34,2,0,-2,0,12,13
125721,19,36,2,0,0,0,12,13
125724,19,34,-2,0,0,0,13,13
125727,19,37,3,0,0,0,13,14
125730,19,37,0,0,0,0,13,15
125733,19,37,0,0,0,0,13,14
125736,19,28,-9,1,1,0,12,14
125739,19,28,0,0,-1,0,12,13
125742,19,36,8,0,0,0,12,14
125745,19,37,1,0,0,0,12,14
125748,19,38,1,0,0,0,13,15
125751,19,37,-1,1,1,0,13,14
125754,19,37,0,1,0,0,13,14
125757,19,37,0,1,0,0,13,14
125800,19,35,-2,1,0,0,13,14
125803,19,36,1,0,-1,0,13,14
125806,19,33,-3,0,0,0,12,14
125809,19,26,-7,0,0,0,12,12
125812,19,26,0,0,0,0,12,13
125815,19,37,11,0,0,0,12,14
125818,19,38,1,0,0,0,12,15
125821,19,39,1,0,0,0,13,15
125824,19,38,-1,0,0,0,13,14
125827,19,39,1,0,0,0,13,14
125830,19,39,0,0,0,0,12,14
125833,20,37,-2,2,2,0,12,14
125836,20,36,-1,2,0,0,12,14
125839,20,36,0,1,-1,0,13,14
125842,20,36,0,1,0,0,13,14
125845,20,37,1,1,0,0,12,15
125848,20,36,-1,2,1,0,12,14
125851,20,36,0,2,0,0,12,14
125854,20,35,-1,1,-1,0,11,13
125857,20,33,-2,0,-1,0,10,14
125900,20,27,-6,0,0,0,9,13
125903,20,27,0,0,0,0,8,12
125906,21,37,10,0,0,0,9,14
125909,21,38,1,0,0,0,11,15
125912,22,39,1,0,0,0,12,15
125915,22,39,0,0,0,0,12,14
125918,22,38,-1,1,1,0,13,15
125921,22,39,1,1,0,0,13,16
125924,22,40,1,0,-1,0,14,16
125927,22,40,0,0,0,0,14,16
125930,22,40,0,0,0,0,14,17
125933,22,40,0,0,0,0,13,17
125936,22,40,0,0,0,0,12,17
125939,22,39,-1,0,0,0,12,17
125942,22,40,1,0,0,0,12,17
125945,22,41,1,0,0,0,13,17
125948,23,38,-3,1,1,0,13,17
125951,23,38,0,1,0,0,13,19
125954,23,38,0,1,0,0,13,19
125957,23,38,0,1,0,0,13,19
130000,23,38,0,1,0,0,11,19
130003,23,38,0,1,0,0,10,18
130006,23,37,-1,2,1,0,12,19
130009,23,38,1,2,0,0,13,19
130012,23,38,0,1,-1,0,13,19
130015,23,38,0,1,0,0,13,19
130018,23,38,0,1,0,0,13,19
130021,23,39,1,1,0,0,13,19
130024,23,38,-1,1,0,0,13,19
130027,23,38,0,1,0,0,13,19
130030,23,38,0,1,0,0,13,19
130033,23,38,0,1,0,0,12,19
130036,23,38,0,1,0,0,11,19
130039,23,38,0,1,0,0,12,19
130042,23,38,0,1,0,0,13,19
130045,23,39,1,1,0,0,14,19
130048,23,38,-1,1,0,0,14,19
130051,23,37,-1,1,0,0,13,19
130054,23,35,-2,2,1,0,13,18
130057,23,36,1,1,-1,0,12,17
130100,23,36,0,1,0,0,10,18
130103,23,36,0,1,0,0,6,17
130106,23,35,-1,1,0,0,4,16
130109,23,35,0,1,0,0,0,17
130112,23,35,0,1,0,0,1,17
